0.000000000000000000e+00 2.033898305084745672e+00 0.000000000000000000e+00
2.033898305084745672e+00 4.067796610169491345e+00 0.000000000000000000e+00
4.067796610169491345e+00 6.101694915254237017e+00 0.000000000000000000e+00
6.101694915254237017e+00 8.135593220338982690e+00 0.000000000000000000e+00
8.135593220338982690e+00 1.016949152542372836e+01 0.000000000000000000e+00
1.016949152542372836e+01 1.220338983050847403e+01 0.000000000000000000e+00
1.220338983050847403e+01 1.423728813559321971e+01 0.000000000000000000e+00
1.423728813559321971e+01 1.627118644067796538e+01 2.000000000000000000e+00
1.627118644067796538e+01 1.830508474576271283e+01 3.000000000000000000e+00
1.830508474576271283e+01 2.033898305084745672e+01 1.900000000000000000e+01
2.033898305084745672e+01 2.237288135593220062e+01 4.400000000000000000e+01
2.237288135593220062e+01 2.440677966101694807e+01 1.160000000000000000e+02
2.440677966101694807e+01 2.644067796610169552e+01 1.960000000000000000e+02
2.644067796610169552e+01 2.847457627118643941e+01 2.630000000000000000e+02
2.847457627118643941e+01 3.050847457627118331e+01 3.950000000000000000e+02
3.050847457627118331e+01 3.254237288135593076e+01 6.240000000000000000e+02
3.254237288135593076e+01 3.457627118644067821e+01 8.900000000000000000e+02
3.457627118644067821e+01 3.661016949152542566e+01 1.213000000000000000e+03
3.661016949152542566e+01 3.864406779661016600e+01 1.705000000000000000e+03
3.864406779661016600e+01 4.067796610169491345e+01 2.243000000000000000e+03
4.067796610169491345e+01 4.271186440677966090e+01 2.795000000000000000e+03
4.271186440677966090e+01 4.474576271186440124e+01 3.640000000000000000e+03
4.474576271186440124e+01 4.677966101694914869e+01 4.252000000000000000e+03
4.677966101694914869e+01 4.881355932203389614e+01 5.297000000000000000e+03
4.881355932203389614e+01 5.084745762711864359e+01 5.872000000000000000e+03
5.084745762711864359e+01 5.288135593220339103e+01 6.737000000000000000e+03
5.288135593220339103e+01 5.491525423728813138e+01 7.261000000000000000e+03
5.491525423728813138e+01 5.694915254237287883e+01 7.463000000000000000e+03
5.694915254237287883e+01 5.898305084745762628e+01 7.478000000000000000e+03
5.898305084745762628e+01 6.101694915254236662e+01 7.198000000000000000e+03
6.101694915254236662e+01 6.305084745762711407e+01 6.740000000000000000e+03
6.305084745762711407e+01 6.508474576271186152e+01 5.923000000000000000e+03
6.508474576271186152e+01 6.711864406779660897e+01 5.032000000000000000e+03
6.711864406779660897e+01 6.915254237288135641e+01 4.133000000000000000e+03
6.915254237288135641e+01 7.118644067796610386e+01 3.132000000000000000e+03
7.118644067796610386e+01 7.322033898305085131e+01 2.493000000000000000e+03
7.322033898305085131e+01 7.525423728813558455e+01 1.870000000000000000e+03
7.525423728813558455e+01 7.728813559322033200e+01 1.246000000000000000e+03
7.728813559322033200e+01 7.932203389830507945e+01 8.250000000000000000e+02
7.932203389830507945e+01 8.135593220338982690e+01 5.380000000000000000e+02
8.135593220338982690e+01 8.338983050847457434e+01 3.780000000000000000e+02
8.338983050847457434e+01 8.542372881355932179e+01 2.170000000000000000e+02
8.542372881355932179e+01 8.745762711864406924e+01 1.200000000000000000e+02
8.745762711864406924e+01 8.949152542372880248e+01 7.100000000000000000e+01
8.949152542372880248e+01 9.152542372881354993e+01 5.900000000000000000e+01
9.152542372881354993e+01 9.355932203389829738e+01 3.600000000000000000e+01
9.355932203389829738e+01 9.559322033898304483e+01 1.700000000000000000e+01
9.559322033898304483e+01 9.762711864406779227e+01 1.200000000000000000e+01
9.762711864406779227e+01 9.966101694915253972e+01 7.000000000000000000e+00
9.966101694915253972e+01 1.016949152542372872e+02 2.000000000000000000e+00
1.016949152542372872e+02 1.037288135593220346e+02 3.000000000000000000e+00
1.037288135593220346e+02 1.057627118644067821e+02 1.000000000000000000e+00
1.057627118644067821e+02 1.077966101694915153e+02 2.000000000000000000e+00
1.077966101694915153e+02 1.098305084745762628e+02 0.000000000000000000e+00
1.098305084745762628e+02 1.118644067796610102e+02 0.000000000000000000e+00
1.118644067796610102e+02 1.138983050847457577e+02 0.000000000000000000e+00
1.138983050847457577e+02 1.159322033898305051e+02 0.000000000000000000e+00
1.159322033898305051e+02 1.179661016949152526e+02 0.000000000000000000e+00
1.179661016949152526e+02 1.200000000000000000e+02 0.000000000000000000e+00
