0.000000000000000000e+00 2.105263157894736725e+00 2.727900000000000000e+04
2.105263157894736725e+00 4.210526315789473450e+00 1.367900000000000000e+04
4.210526315789473450e+00 6.315789473684210620e+00 8.585000000000000000e+03
6.315789473684210620e+00 8.421052631578946901e+00 6.424000000000000000e+03
8.421052631578946901e+00 1.052631578947368318e+01 4.850000000000000000e+03
1.052631578947368318e+01 1.263157894736842124e+01 3.808000000000000000e+03
1.263157894736842124e+01 1.473684210526315752e+01 3.083000000000000000e+03
1.473684210526315752e+01 1.684210526315789380e+01 2.525000000000000000e+03
1.684210526315789380e+01 1.894736842105263008e+01 1.994000000000000000e+03
1.894736842105263008e+01 2.105263157894736636e+01 1.525000000000000000e+03
2.105263157894736636e+01 2.315789473684210265e+01 1.258000000000000000e+03
2.315789473684210265e+01 2.526315789473684248e+01 9.430000000000000000e+02
2.526315789473684248e+01 2.736842105263157876e+01 7.350000000000000000e+02
2.736842105263157876e+01 2.947368421052631504e+01 6.060000000000000000e+02
2.947368421052631504e+01 3.157894736842105132e+01 4.350000000000000000e+02
3.157894736842105132e+01 3.368421052631578760e+01 3.600000000000000000e+02
3.368421052631578760e+01 3.578947368421052744e+01 2.530000000000000000e+02
3.578947368421052744e+01 3.789473684210526017e+01 2.020000000000000000e+02
3.789473684210526017e+01 4.000000000000000000e+01 1.450000000000000000e+02
