0.000000000000000000e+00 2.105263157894736725e+00 3.221000000000000000e+03
2.105263157894736725e+00 4.210526315789473450e+00 7.691000000000000000e+03
4.210526315789473450e+00 6.315789473684210620e+00 1.078800000000000000e+04
6.315789473684210620e+00 8.421052631578946901e+00 1.164900000000000000e+04
8.421052631578946901e+00 1.052631578947368318e+01 1.148200000000000000e+04
1.052631578947368318e+01 1.263157894736842124e+01 1.034300000000000000e+04
1.263157894736842124e+01 1.473684210526315752e+01 8.832000000000000000e+03
1.473684210526315752e+01 1.684210526315789380e+01 7.507000000000000000e+03
1.684210526315789380e+01 1.894736842105263008e+01 6.039000000000000000e+03
1.894736842105263008e+01 2.105263157894736636e+01 4.778000000000000000e+03
2.105263157894736636e+01 2.315789473684210265e+01 3.828000000000000000e+03
2.315789473684210265e+01 2.526315789473684248e+01 2.783000000000000000e+03
2.526315789473684248e+01 2.736842105263157876e+01 2.254000000000000000e+03
2.736842105263157876e+01 2.947368421052631504e+01 1.680000000000000000e+03
2.947368421052631504e+01 3.157894736842105132e+01 1.291000000000000000e+03
3.157894736842105132e+01 3.368421052631578760e+01 9.440000000000000000e+02
3.368421052631578760e+01 3.578947368421052744e+01 7.610000000000000000e+02
3.578947368421052744e+01 3.789473684210526017e+01 5.710000000000000000e+02
3.789473684210526017e+01 4.000000000000000000e+01 4.090000000000000000e+02
