0.000000000000000000e+00 2.105263157894736725e+00 1.897300000000000000e+04
2.105263157894736725e+00 4.210526315789473450e+00 3.401700000000000000e+04
4.210526315789473450e+00 6.315789473684210620e+00 2.062000000000000000e+04
6.315789473684210620e+00 8.421052631578946901e+00 9.965000000000000000e+03
8.421052631578946901e+00 1.052631578947368318e+01 6.105000000000000000e+03
1.052631578947368318e+01 1.263157894736842124e+01 2.594000000000000000e+03
1.263157894736842124e+01 1.473684210526315752e+01 1.047000000000000000e+03
1.473684210526315752e+01 1.684210526315789380e+01 4.120000000000000000e+02
1.684210526315789380e+01 1.894736842105263008e+01 2.290000000000000000e+02
1.894736842105263008e+01 2.105263157894736636e+01 1.190000000000000000e+02
2.105263157894736636e+01 2.315789473684210265e+01 8.100000000000000000e+01
2.315789473684210265e+01 2.526315789473684248e+01 4.500000000000000000e+01
2.526315789473684248e+01 2.736842105263157876e+01 4.200000000000000000e+01
2.736842105263157876e+01 2.947368421052631504e+01 3.300000000000000000e+01
2.947368421052631504e+01 3.157894736842105132e+01 1.700000000000000000e+01
3.157894736842105132e+01 3.368421052631578760e+01 1.200000000000000000e+01
3.368421052631578760e+01 3.578947368421052744e+01 1.200000000000000000e+01
3.578947368421052744e+01 3.789473684210526017e+01 6.000000000000000000e+00
3.789473684210526017e+01 4.000000000000000000e+01 8.000000000000000000e+00
