0.000000000000000000e+00 1.025641025641025550e+00 0.000000000000000000e+00
1.025641025641025550e+00 2.051282051282051100e+00 0.000000000000000000e+00
2.051282051282051100e+00 3.076923076923076650e+00 8.000000000000000000e+00
3.076923076923076650e+00 4.102564102564102200e+00 3.900000000000000000e+01
4.102564102564102200e+00 5.128205128205127750e+00 1.610000000000000000e+02
5.128205128205127750e+00 6.153846153846153300e+00 3.120000000000000000e+02
6.153846153846153300e+00 7.179487179487178850e+00 4.950000000000000000e+02
7.179487179487178850e+00 8.205128205128204399e+00 8.740000000000000000e+02
8.205128205128204399e+00 9.230769230769229949e+00 1.367000000000000000e+03
9.230769230769229949e+00 1.025641025641025550e+01 2.167000000000000000e+03
1.025641025641025550e+01 1.128205128205128105e+01 2.918000000000000000e+03
1.128205128205128105e+01 1.230769230769230660e+01 3.960000000000000000e+03
1.230769230769230660e+01 1.333333333333333215e+01 4.721000000000000000e+03
1.333333333333333215e+01 1.435897435897435770e+01 5.780000000000000000e+03
1.435897435897435770e+01 1.538461538461538325e+01 6.283000000000000000e+03
1.538461538461538325e+01 1.641025641025640880e+01 6.859000000000000000e+03
1.641025641025640880e+01 1.743589743589743435e+01 7.113000000000000000e+03
1.743589743589743435e+01 1.846153846153845990e+01 6.958000000000000000e+03
1.846153846153845990e+01 1.948717948717948545e+01 6.601000000000000000e+03
1.948717948717948545e+01 2.051282051282051100e+01 6.431000000000000000e+03
2.051282051282051100e+01 2.153846153846153655e+01 5.780000000000000000e+03
2.153846153846153655e+01 2.256410256410256210e+01 5.242000000000000000e+03
2.256410256410256210e+01 2.358974358974358765e+01 4.544000000000000000e+03
2.358974358974358765e+01 2.461538461538461320e+01 3.971000000000000000e+03
2.461538461538461320e+01 2.564102564102563875e+01 3.371000000000000000e+03
2.564102564102563875e+01 2.666666666666666430e+01 2.790000000000000000e+03
2.666666666666666430e+01 2.769230769230768985e+01 2.264000000000000000e+03
2.769230769230768985e+01 2.871794871794871540e+01 1.787000000000000000e+03
2.871794871794871540e+01 2.974358974358974095e+01 1.395000000000000000e+03
2.974358974358974095e+01 3.076923076923076650e+01 1.124000000000000000e+03
3.076923076923076650e+01 3.179487179487179205e+01 8.910000000000000000e+02
3.179487179487179205e+01 3.282051282051281760e+01 6.350000000000000000e+02
3.282051282051281760e+01 3.384615384615383959e+01 5.020000000000000000e+02
3.384615384615383959e+01 3.487179487179486870e+01 3.610000000000000000e+02
3.487179487179486870e+01 3.589743589743589780e+01 2.720000000000000000e+02
3.589743589743589780e+01 3.692307692307691980e+01 2.020000000000000000e+02
3.692307692307691980e+01 3.794871794871794179e+01 1.290000000000000000e+02
3.794871794871794179e+01 3.897435897435897090e+01 8.100000000000000000e+01
3.897435897435897090e+01 4.000000000000000000e+01 1.040000000000000000e+02
