0.000000000000000000e+00 6.315789473684210620e+00 4.249000000000000000e+04
6.315789473684210620e+00 1.263157894736842124e+01 4.860000000000000000e+02
1.263157894736842124e+01 1.894736842105263008e+01 4.760000000000000000e+02
1.894736842105263008e+01 2.526315789473684248e+01 6.420000000000000000e+02
2.526315789473684248e+01 3.157894736842105488e+01 8.810000000000000000e+02
3.157894736842105488e+01 3.789473684210526017e+01 1.183000000000000000e+03
3.789473684210526017e+01 4.421052631578947256e+01 1.377000000000000000e+03
4.421052631578947256e+01 5.052631578947368496e+01 2.190000000000000000e+03
5.052631578947368496e+01 5.684210526315789735e+01 2.460000000000000000e+03
5.684210526315789735e+01 6.315789473684210975e+01 2.858000000000000000e+03
6.315789473684210975e+01 6.947368421052631504e+01 3.275000000000000000e+03
6.947368421052631504e+01 7.578947368421052033e+01 4.395000000000000000e+03
7.578947368421052033e+01 8.210526315789473983e+01 6.117000000000000000e+03
8.210526315789473983e+01 8.842105263157894512e+01 1.118300000000000000e+04
8.842105263157894512e+01 9.473684210526316463e+01 1.120600000000000000e+04
9.473684210526316463e+01 1.010526315789473699e+02 1.494000000000000000e+03
1.010526315789473699e+02 1.073684210526315752e+02 3.120000000000000000e+02
1.073684210526315752e+02 1.136842105263157947e+02 1.580000000000000000e+02
1.136842105263157947e+02 1.200000000000000000e+02 8.200000000000000000e+01
