1.046525113832775133e+00 3.800000000000000000e+01
1.048956354550812486e+00 2.240000000000000000e+02
1.051387595268849839e+00 8.080000000000000000e+02
1.053818835986887414e+00 2.694000000000000000e+03
1.056250076704924767e+00 7.081000000000000000e+03
1.058681317422962120e+00 1.616700000000000000e+04
1.061112558140999695e+00 3.013100000000000000e+04
1.063543798859036826e+00 4.906700000000000000e+04
1.065975039577074401e+00 6.707400000000000000e+04
1.068406280295111976e+00 7.788500000000000000e+04
1.070837521013149107e+00 7.751600000000000000e+04
1.073268761731186682e+00 6.566600000000000000e+04
1.075700002449224257e+00 4.786700000000000000e+04
1.078131243167261388e+00 2.991100000000000000e+04
1.080562483885298963e+00 1.596900000000000000e+04
1.082993724603336316e+00 7.387000000000000000e+03
1.085424965321373669e+00 3.025000000000000000e+03
1.087856206039411244e+00 1.032000000000000000e+03
1.090287446757448597e+00 3.290000000000000000e+02
1.092718687475485950e+00 8.600000000000000000e+01
