3.001294509987455098e-05 3.400000000000000000e+01
3.109083129789133875e-05 1.440000000000000000e+02
3.216871749590813329e-05 6.900000000000000000e+02
3.324660369392492783e-05 2.413000000000000000e+03
3.432448989194171560e-05 6.991000000000000000e+03
3.540237608995850337e-05 1.589200000000000000e+04
3.648026228797529114e-05 3.067800000000000000e+04
3.755814848599208568e-05 4.992100000000000000e+04
3.863603468400888022e-05 6.784600000000000000e+04
3.971392088202566799e-05 7.843500000000000000e+04
4.079180708004245576e-05 7.663800000000000000e+04
4.186969327805924353e-05 6.513200000000000000e+04
4.294757947607603807e-05 4.718500000000000000e+04
4.402546567409283261e-05 2.926800000000000000e+04
4.510335187210962038e-05 1.624100000000000000e+04
4.618123807012640815e-05 7.630000000000000000e+03
4.725912426814319592e-05 3.178000000000000000e+03
4.833701046615999724e-05 1.169000000000000000e+03
4.941489666417678501e-05 3.700000000000000000e+02
5.049278286219357277e-05 1.020000000000000000e+02
