-5.516252097355107617e-03 6.800000000000000000e+01
-5.413356772412487514e-03 2.660000000000000000e+02
-5.310461447469869145e-03 9.440000000000000000e+02
-5.207566122527250776e-03 2.874000000000000000e+03
-5.104670797584630673e-03 7.362000000000000000e+03
-5.001775472642012305e-03 1.602900000000000000e+04
-4.898880147699392201e-03 2.992200000000000000e+04
-4.795984822756773833e-03 4.828800000000000000e+04
-4.693089497814155464e-03 6.619400000000000000e+04
-4.590194172871535361e-03 7.762700000000000000e+04
-4.487298847928916992e-03 7.810600000000000000e+04
-4.384403522986297756e-03 6.638900000000000000e+04
-4.281508198043678520e-03 4.839100000000000000e+04
-4.178612873101060152e-03 3.014900000000000000e+04
-4.075717548158440048e-03 1.604400000000000000e+04
-3.972822223215821680e-03 7.303000000000000000e+03
-3.869926898273202444e-03 2.814000000000000000e+03
-3.767031573330583208e-03 8.910000000000000000e+02
-3.664136248387964406e-03 2.420000000000000000e+02
-3.561240923445345170e-03 5.800000000000000000e+01
