-4.351977828390119992e-04 6.700000000000000000e+01
-4.133455664852355859e-04 2.510000000000000000e+02
-3.914933501314591725e-04 9.400000000000000000e+02
-3.696411337776827591e-04 2.817000000000000000e+03
-3.477889174239063457e-04 7.328000000000000000e+03
-3.259367010701299866e-04 1.594100000000000000e+04
-3.040844847163535732e-04 3.015300000000000000e+04
-2.822322683625771598e-04 4.827700000000000000e+04
-2.603800520088007464e-04 6.652900000000000000e+04
-2.385278356550243331e-04 7.769800000000000000e+04
-2.166756193012478926e-04 7.772600000000000000e+04
-1.948234029474715063e-04 6.651400000000000000e+04
-1.729711865936950929e-04 4.816900000000000000e+04
-1.511189702399186796e-04 3.007200000000000000e+04
-1.292667538861422662e-04 1.622900000000000000e+04
-1.074145375323658528e-04 7.228000000000000000e+03
-8.556232117858943945e-05 2.801000000000000000e+03
-6.371010482481302608e-05 9.000000000000000000e+02
-4.185788847103661271e-05 2.700000000000000000e+02
-2.000567211726019933e-05 6.400000000000000000e+01
