2.777304780712722522e-04 4.900000000000000000e+01
2.852027129220757826e-04 2.330000000000000000e+02
2.926749477728793672e-04 8.090000000000000000e+02
3.001471826236829519e-04 2.726000000000000000e+03
3.076194174744864823e-04 7.052000000000000000e+03
3.150916523252900127e-04 1.597100000000000000e+04
3.225638871760935973e-04 3.060900000000000000e+04
3.300361220268971277e-04 4.861100000000000000e+04
3.375083568777007123e-04 6.735000000000000000e+04
3.449805917285042427e-04 7.755800000000000000e+04
3.524528265793077731e-04 7.709600000000000000e+04
3.599250614301113577e-04 6.614800000000000000e+04
3.673972962809148881e-04 4.816600000000000000e+04
3.748695311317184727e-04 2.969600000000000000e+04
3.823417659825220031e-04 1.617000000000000000e+04
3.898140008333255335e-04 7.396000000000000000e+03
3.972862356841291181e-04 2.917000000000000000e+03
4.047584705349326485e-04 1.033000000000000000e+03
4.122307053857361789e-04 3.260000000000000000e+02
4.197029402365397635e-04 5.500000000000000000e+01
