1.016700162603429991e+00 4.900000000000000000e+01
1.018623894931290241e+00 2.340000000000000000e+02
1.020547627259150270e+00 8.930000000000000000e+02
1.022471359587010298e+00 2.714000000000000000e+03
1.024395091914870548e+00 7.143000000000000000e+03
1.026318824242730798e+00 1.590400000000000000e+04
1.028242556570591049e+00 3.027800000000000000e+04
1.030166288898451077e+00 4.877500000000000000e+04
1.032090021226311105e+00 6.709500000000000000e+04
1.034013753554171355e+00 7.774200000000000000e+04
1.035937485882031606e+00 7.746400000000000000e+04
1.037861218209891856e+00 6.617400000000000000e+04
1.039784950537751884e+00 4.769900000000000000e+04
1.041708682865611912e+00 2.998300000000000000e+04
1.043632415193472163e+00 1.618100000000000000e+04
1.045556147521332413e+00 7.366000000000000000e+03
1.047479879849192663e+00 2.926000000000000000e+03
1.049403612177052691e+00 9.910000000000000000e+02
1.051327344504912720e+00 2.690000000000000000e+02
1.053251076832772970e+00 7.800000000000000000e+01
