-4.252575365999421153e-02 7.800000000000000000e+01
-4.220536961427376332e-02 2.660000000000000000e+02
-4.188498556855331512e-02 9.820000000000000000e+02
-4.156460152283287385e-02 2.948000000000000000e+03
-4.124421747711243258e-02 7.286000000000000000e+03
-4.092383343139198437e-02 1.608200000000000000e+04
-4.060344938567154310e-02 3.003400000000000000e+04
-4.028306533995110184e-02 4.831500000000000000e+04
-3.996268129423065363e-02 6.588900000000000000e+04
-3.964229724851020542e-02 7.715100000000000000e+04
-3.932191320278977109e-02 7.808000000000000000e+04
-3.900152915706932288e-02 6.675600000000000000e+04
-3.868114511134887468e-02 4.869000000000000000e+04
-3.836076106562843341e-02 3.036600000000000000e+04
-3.804037701990799214e-02 1.594600000000000000e+04
-3.771999297418754393e-02 7.111000000000000000e+03
-3.739960892846710266e-02 2.816000000000000000e+03
-3.707922488274666140e-02 8.700000000000000000e+02
-3.675884083702621319e-02 2.520000000000000000e+02
-3.643845679130576498e-02 4.800000000000000000e+01
