3.357979823909745961e-04 5.000000000000000000e+01
3.418155118210429379e-04 2.080000000000000000e+02
3.478330412511112797e-04 7.870000000000000000e+02
3.538505706811796215e-04 2.591000000000000000e+03
3.598681001112479633e-04 7.049000000000000000e+03
3.658856295413163051e-04 1.602400000000000000e+04
3.719031589713847012e-04 3.056200000000000000e+04
3.779206884014530430e-04 4.928000000000000000e+04
3.839382178315213848e-04 6.708600000000000000e+04
3.899557472615897266e-04 7.790500000000000000e+04
3.959732766916580684e-04 7.733100000000000000e+04
4.019908061217264102e-04 6.527500000000000000e+04
4.080083355517947520e-04 4.792400000000000000e+04
4.140258649818630938e-04 2.990400000000000000e+04
4.200433944119314356e-04 1.597100000000000000e+04
4.260609238419998317e-04 7.585000000000000000e+03
4.320784532720681735e-04 3.000000000000000000e+03
4.380959827021365153e-04 1.018000000000000000e+03
4.441135121322048571e-04 3.390000000000000000e+02
4.501310415622731989e-04 7.400000000000000000e+01
