-1.097910615271353515e-02 7.900000000000000000e+01
-1.083813588890723649e-02 2.600000000000000000e+02
-1.069716562510093956e-02 9.660000000000000000e+02
-1.055619536129464089e-02 2.864000000000000000e+03
-1.041522509748834396e-02 7.450000000000000000e+03
-1.027425483368204530e-02 1.579100000000000000e+04
-1.013328456987574837e-02 3.014800000000000000e+04
-9.992314306069449703e-03 4.819200000000000000e+04
-9.851344042263152773e-03 6.609700000000000000e+04
-9.710373778456854107e-03 7.773100000000000000e+04
-9.569403514650557177e-03 7.785600000000000000e+04
-9.428433250844258512e-03 6.659100000000000000e+04
-9.287462987037961581e-03 4.846100000000000000e+04
-9.146492723231662916e-03 3.023400000000000000e+04
-9.005522459425365986e-03 1.605800000000000000e+04
-8.864552195619067321e-03 7.200000000000000000e+03
-8.723581931812770390e-03 2.788000000000000000e+03
-8.582611668006471725e-03 9.060000000000000000e+02
-8.441641404200174795e-03 2.470000000000000000e+02
-8.300671140393876130e-03 5.000000000000000000e+01
