-1.065932643822108290e-02 6.400000000000000000e+01
-1.052435886817532779e-02 2.850000000000000000e+02
-1.038939129812957093e-02 9.460000000000000000e+02
-1.025442372808381408e-02 2.856000000000000000e+03
-1.011945615803805897e-02 7.326000000000000000e+03
-9.984488587992302114e-03 1.595300000000000000e+04
-9.849521017946546997e-03 3.014500000000000000e+04
-9.714553447900790145e-03 4.813000000000000000e+04
-9.579585877855033293e-03 6.651600000000000000e+04
-9.444618307809278177e-03 7.753300000000000000e+04
-9.309650737763521325e-03 7.792700000000000000e+04
-9.174683167717766208e-03 6.641100000000000000e+04
-9.039715597672009356e-03 4.850500000000000000e+04
-8.904748027626252505e-03 3.002900000000000000e+04
-8.769780457580497388e-03 1.600600000000000000e+04
-8.634812887534740536e-03 7.289000000000000000e+03
-8.499845317488985419e-03 2.781000000000000000e+03
-8.364877747443228567e-03 9.560000000000000000e+02
-8.229910177397471716e-03 2.450000000000000000e+02
-8.094942607351716599e-03 6.400000000000000000e+01
