1.036804703369475833e+00 6.200000000000000000e+01
1.038964767226885133e+00 2.070000000000000000e+02
1.041124831084294655e+00 8.730000000000000000e+02
1.043284894941704177e+00 2.642000000000000000e+03
1.045444958799113477e+00 7.116000000000000000e+03
1.047605022656522999e+00 1.605900000000000000e+04
1.049765086513932300e+00 3.033600000000000000e+04
1.051925150371341822e+00 4.899500000000000000e+04
1.054085214228751344e+00 6.669800000000000000e+04
1.056245278086160644e+00 7.804800000000000000e+04
1.058405341943570166e+00 7.748500000000000000e+04
1.060565405800979466e+00 6.577300000000000000e+04
1.062725469658388988e+00 4.790500000000000000e+04
1.064885533515798510e+00 2.994200000000000000e+04
1.067045597373207810e+00 1.600400000000000000e+04
1.069205661230617332e+00 7.476000000000000000e+03
1.071365725088026633e+00 2.989000000000000000e+03
1.073525788945436155e+00 1.002000000000000000e+03
1.075685852802845677e+00 2.630000000000000000e+02
1.077845916660254977e+00 8.200000000000000000e+01
