-1.183884114417805763e-02 5.900000000000000000e+01
-1.170037758715724782e-02 2.340000000000000000e+02
-1.156191403013643801e-02 9.630000000000000000e+02
-1.142345047311562993e-02 2.813000000000000000e+03
-1.128498691609482012e-02 7.293000000000000000e+03
-1.114652335907401030e-02 1.612700000000000000e+04
-1.100805980205320049e-02 2.988900000000000000e+04
-1.086959624503239241e-02 4.860300000000000000e+04
-1.073113268801158260e-02 6.613300000000000000e+04
-1.059266913099077279e-02 7.777800000000000000e+04
-1.045420557396996297e-02 7.785300000000000000e+04
-1.031574201694915316e-02 6.626100000000000000e+04
-1.017727845992834335e-02 4.843200000000000000e+04
-1.003881490290753527e-02 3.027700000000000000e+04
-9.900351345886725454e-03 1.597300000000000000e+04
-9.761887788865915641e-03 7.245000000000000000e+03
-9.623424231845107563e-03 2.824000000000000000e+03
-9.484960674824297749e-03 9.000000000000000000e+02
-9.346497117803487936e-03 2.570000000000000000e+02
-9.208033560782678123e-03 5.400000000000000000e+01
