-5.566019152708238590e-04 6.100000000000000000e+01
-5.309452698908083846e-04 2.700000000000000000e+02
-5.052886245107930186e-04 8.720000000000000000e+02
-4.796319791307775983e-04 2.827000000000000000e+03
-4.539753337507622323e-04 7.379000000000000000e+03
-4.283186883707468663e-04 1.610700000000000000e+04
-4.026620429907315003e-04 2.990000000000000000e+04
-3.770053976107160800e-04 4.857800000000000000e+04
-3.513487522307007140e-04 6.637900000000000000e+04
-3.256921068506852938e-04 7.726900000000000000e+04
-3.000354614706699278e-04 7.792600000000000000e+04
-2.743788160906545617e-04 6.659100000000000000e+04
-2.487221707106391415e-04 4.830700000000000000e+04
-2.230655253306237755e-04 3.020600000000000000e+04
-1.974088799506083824e-04 1.586200000000000000e+04
-1.717522345705929892e-04 7.284000000000000000e+03
-1.460955891905776232e-04 2.847000000000000000e+03
-1.204389438105622301e-04 9.870000000000000000e+02
-9.478229843054683697e-05 2.660000000000000000e+02
-6.912565305053147095e-05 4.600000000000000000e+01
