4.400814377559001496e-05 4.000000000000000000e+01
4.533774032079431550e-05 1.700000000000000000e+02
4.666733686599861604e-05 7.160000000000000000e+02
4.799693341120292336e-05 2.382000000000000000e+03
4.932652995640723068e-05 6.847000000000000000e+03
5.065612650161153123e-05 1.560900000000000000e+04
5.198572304681583177e-05 3.103700000000000000e+04
5.331531959202013909e-05 5.003400000000000000e+04
5.464491613722443963e-05 6.780300000000000000e+04
5.597451268242874695e-05 7.826700000000000000e+04
5.730410922763304749e-05 7.688400000000000000e+04
5.863370577283735481e-05 6.546300000000000000e+04
5.996330231804165536e-05 4.673000000000000000e+04
6.129289886324596945e-05 2.928200000000000000e+04
6.262249540845026322e-05 1.618300000000000000e+04
6.395209195365455699e-05 7.639000000000000000e+03
6.528168849885887786e-05 3.202000000000000000e+03
6.661128504406317163e-05 1.156000000000000000e+03
6.794088158926746539e-05 4.210000000000000000e+02
6.927047813447178627e-05 8.700000000000000000e+01
