-7.517118528476531350e-03 7.000000000000000000e+01
-7.398095602264362011e-03 2.420000000000000000e+02
-7.279072676052190938e-03 9.900000000000000000e+02
-7.160049749840021599e-03 2.836000000000000000e+03
-7.041026823627850525e-03 7.395000000000000000e+03
-6.922003897415680319e-03 1.600200000000000000e+04
-6.802980971203510113e-03 3.010400000000000000e+04
-6.683958044991339040e-03 4.825800000000000000e+04
-6.564935118779169701e-03 6.591200000000000000e+04
-6.445912192566998627e-03 7.771500000000000000e+04
-6.326889266354829289e-03 7.809300000000000000e+04
-6.207866340142658215e-03 6.648200000000000000e+04
-6.088843413930488876e-03 4.846800000000000000e+04
-5.969820487718317803e-03 3.024900000000000000e+04
-5.850797561506147597e-03 1.582800000000000000e+04
-5.731774635293977391e-03 7.200000000000000000e+03
-5.612751709081807185e-03 2.864000000000000000e+03
-5.493728782869636978e-03 9.410000000000000000e+02
-5.374705856657466772e-03 2.500000000000000000e+02
-5.255682930445296566e-03 7.100000000000000000e+01
