9.881353894768890589e-01 6.300000000000000000e+01
9.899514017741771754e-01 2.290000000000000000e+02
9.917674140714652919e-01 8.550000000000000000e+02
9.935834263687534085e-01 2.733000000000000000e+03
9.953994386660415250e-01 7.276000000000000000e+03
9.972154509633296415e-01 1.586100000000000000e+04
9.990314632606177581e-01 3.019700000000000000e+04
1.000847475557905764e+00 4.880700000000000000e+04
1.002663487855194102e+00 6.685400000000000000e+04
1.004479500152481997e+00 7.789100000000000000e+04
1.006295512449770335e+00 7.747900000000000000e+04
1.008111524747058230e+00 6.612700000000000000e+04
1.009927537044346568e+00 4.810400000000000000e+04
1.011743549341634463e+00 2.990800000000000000e+04
1.013559561638922801e+00 1.587000000000000000e+04
1.015375573936210696e+00 7.431000000000000000e+03
1.017191586233499034e+00 2.919000000000000000e+03
1.019007598530786929e+00 9.630000000000000000e+02
1.020823610828075267e+00 3.260000000000000000e+02
1.022639623125363162e+00 7.300000000000000000e+01
